Dodecahedron
20
1 1 1
1 1 -1
1 -1 1
1 -1 -1
-1 1 1
-1 1 -1
-1 -1 1
-1 -1 -1
0 0.618 1.618
0 0.618 -1.618
0 -0.618 1.618
0 -0.618 -1.618
0.618 1.618 0
0.618 -1.618 0
-0.618 1.618 0
-0.618 -1.618 0
1.618 0 0.618
1.618 0 -0.618
-1.618 0 0.618
-1.618 0 -0.618
5 0 8 10 2 16
5 1 9 11 3 17
5 4 8 10 6 18
5 5 9 11 7 19
5 12 0 2 14 4
5 13 1 3 15 5
5 16 8 4 14 12
5 17 9 5 15 13
5 18 10 6 19 4
5 19 11 7 15 5
5 0 12 13 1 16
5 3 17 13 7 15
5 6 18 14 4 19
5 2 16 12 14 10
-1
